1133031311909939120003122021322933902209390913322010219113993122310321131309333219923901123399000021123921919229199020119130013101010012312001922090021219992393219203219230093210310201212932319231909203992231021239299339013931290222320031201219202911390132
3122030199911932032310930900990190200092200113912310309902910191021913993321209000022013921312909211313399113290112193103131939022120130233039919323130322101191123323312002102110310332019929031100901103222091193913920139203220002102122900191909399012210933
0910112013991100300230323103103923091922930222901139111390902922920930193911113293903109219003109233313039211030339000309233300332929231013119333211299199230301011032039310132311131923200009232100332119092392100100329913312210191011329109321331931000333932
2110393013313203329202190111123103302190913931233299131113399232913132129091319192912102221293090129399093132102090292192330990919022311112902393923399110101990312011231292392330293309019310123003901120309223930119331129913109229909921002233093139301399139
9000233339119100011311009922390233393203232911110192133302302933003932221111221001992003219203239301920099221010002129902139190011991010201093221292939133393113901100210000109302929022933990209303030229133002900199220100199099023033330901901129300130292320
3010010320333131202239201219392091190290112103929193203910003091901339909230332391009911131321319923929293111209213112991130013930131103113339999092222230191902001290220020390320331030930219113013013929222292212292290993232339331312203132312233312912122912
0993319922923102102232009231309901213032191091911001931120130293930319919920392201991221023099012331123303132910930019192993023091223211913091391099991939032930029110322929330321021022923399029009110301393211119192211033102331131910322033193390029113902021
1121313100222213939020133913030902930239901090209330301113100220990399132119232090121392032300902000229239933321321100211903332310212301190230929319901392013213909231131321101901101900932202331200239100123239311310910293212099011302019103390133121912121212
9320920930200211022091102009213901090321390999010311209222230903129139111200020293230939300190130192212122023032219103191223932939239393001291191033031921209933913203331002320302312932929912230933922390911912393112110939039300019132030931031021303331999231
0111010202191020911301993203022239300929232030139002233011220001202012911390310919330312312029202029099921201030990993013122900209092192302333291230391912032300202001323902999193923331013113221901309232902090203929302210999319901001022910323013229922920933
9311303293090303031390222391921913992302123930030033299131902133010322933201919099110302102223110992103992219233399293930912111222911099931212109392222322233121923019200231319333001020391102110013910329922210199129020930223012333119921111332992033391212399
9219911010911020110132910239199399103093309909013093009331300203191213293011919022299391312011030119093120010321099113920392031113202932333190193199919301101290203319109393209911991010013913919011393201902990239033191109020392310219211900901013933139001291
9930909211191932310111232220339191909022132229399323201239010310920999399902309110290209932932201939390993030921332310112219133119010191031100221929113201030293130132933323391000230030922929903299921920999100331003092212220322022920320322223102391320221223
0030932300311222919399290332093033201922192229903190133329300002113220329390102222900039200293923312091099003992192000303313139393393220293900993309233021092101912393939921001099323230310013203019131302113939209019121129113319132193092102990912233990000129
9311311192020910221991900901229911290222131229000031009230393120310000002293931099311290202391231309119919323223111990991029239330093122121133133103039200012000292000312290001022900223399202319939329010320130300991900130231391102210019912312902209232102112
1021339100392309332232223912323203921220931299003210210930012203213932291102393991121133119291329323129919922030290092090131233322301909190330399390221911091310129010310901133031001031391902123211201133921290322323133003303120139009013109031339013239120901
9119039129093091309292331199219229121202302913991031913020921123932939313211321032939210393299209331929299090132903329112233900229213919090191920010119203902102923013033311003232290323391220391323902232103391332300993021133309229112202031010020029133930910
9129203339330291099111239333113201931093901091100333032933999911193132332303912191923339293901132101933239132910990323222222991323020910112900903132929029019191031921330139319991220312200190121310121093032112299309290390102110223999392113912902992910192012
3193011922331110090101120010223320312330219093312192391221232310200903339010012312019333332111319092103100021192992311213000210001019922291222129991900911192392320902331391229123091191193322199013903399299101909323001930202020909922912212120302990303221330
2302299203212209101322131933229002011329391231101290133993233232332091301322001013921919210912223210090229221211221119029023012101100230922992000030102932913202200202029212993230319223310993903392330902311321220092033213932239293919213290332212992330223213
1302129299910019110311209293902921309100091319919229310390030331100190920229223009902033133990211012013233090309920290193201322222330011133033912932033103993331313029103023133193021131392303930103321303121239192323902203900203212993190120212110321109300131
3001029903931293020939922039091909323399012023239023119312093930029910110990310219029090220130331029933220101909091232191221220299313913290210133219333902110033992233231211023219921311932122029990112309031200933902110129320919213003391203113930020212920102
2201113992223332990102102010329931322231010311339112933039191109922392992102329219913122330012113203123012999231211109310011292329990233002112309921193920103910219191091231201219290330009301320200001302191212019912031201329213030090030300090923139919020299
0392392209303313929903002903229223029003111912293900102309331139310010311329131023312912121009132022109033903203193339290991290102339112391902220990990109310119933231900301212100322223199201009192312929399013212101299329333310919399190220221000209292093001
0011303203202292232110923292009300312091111102301092013333332203032923392901099132129993330220322122113021903220211939029201931910313393310103103209002020990299232992339213192392903902322130219039930291301199033393023992023290100101929220922231223991331319
3902020131320239131122909909932133100990019210313193320131021299930133922001391013311119999992232003210030093130232313300992219399392320213131299010012029399233310020931091199923091000022132322900030992109013103210920319333013911003111113290392193920011229
2930119231399110329291999939223330301399332232101223019302932292020013901093930300122999390231009300190112220122993101093113393119003319120219222013901210122221322012119000119392331211100209312233399330992000093920293093191329012203133099021393932192291902
2922910912339993993113239310922911001232190193219223910200991020921233199939032200212211110032213390319310311932922193309932290391923101112101139131292920030019993293322001932092090920333299219900133221019913993103299220091099200931013009239013999201299120
0031333311133911193322010902765844858458578488848887685888576488565744677844099991213991990922210867488801199214664845302392300020013033297777757309993984684757447767678754892032127666657856685858845555464557786884687877664755651123321332011022332312320929
9290922331102122920922229119485477458844775847775484746584647858864654887484931001221929322902931756645823301995848777130111922222320292394674488031311385587858854488585754702090397477888844567854868746648485885575557684466788461299392292992091933023900223
9332229230019292023293133132648465458584545875457468676887545687858477747485199131331121120002911577785492009935755548909931990019030021338876758391190346458875686545585586839293214687884587476664485876648675488564854455658576743293231229222921213930120300
3331021203130122110331109130577844858757567674464848677664545544776457484686999012399191211202301445686591139314557574309191200299931011926655757213193157664466785457885785422203324854658865666876657748644554687447775584745485770119332292200029122939030310
1390902331200033329019129013556866844847467778755657578884865665888467878645209922202292921009013465545523022238888488213192319032091913206857488103002985444476466766756675419123305484454474785885467666644557544475457857775465761001222992939201190900999912
0912219393322033101329911029488566755447556785454868487687467676757887658766123103012201323123932876587511003127764876203013122911912093007547866921210365584475777858847858821329938547885455847767555457778584844844868865684657689919001003090903933992033212
3991331020931909313903293921555687584676748857755848668767547456886854668784923331303291223131233655888839319215555854103992030219121323316578885303090278554646466544666854809219125446574874854545748678857745775554665488874658751129020330022122239023123930
0032000930291313233201032001666846413202100299212233322209329192902298744648221933156788540999201586446522020311102931300229366648487575472112911686666644748462201933867668812932295888757103292011900002100321333310192109055744749310339100000019903101219313
3020320992290110101302122920846776721302130300900192001912239190229135858874320913064675762399310674546732000219200113193323258865444588551291303665575846854652203302866447822120124666657299023031190320330990902209930233358645682909192131201132190932992320
1020923300232000931900913190565656719290311132212093233191199392039214586888031112188774461330939666445891212033030020992291356465864855771221933875646874488652133900756577721300194857686112029339920013210129332191202930377585562913109901131232213112203932
0219300099109213321330933939847567899120139123331323123912011190102315867545133010165787841393322748547593992190021032231013188677574478479322212685567558585853032012486867712909905488647933229099230119903119221302303920246648472100002933031119239111000299
3092092293323902329299219221888767401190103103911023399230931201299395877866931912175656469299003545564619013292209901322203158554857746769103911478784865847460909932447458710139326855545993102909220002912291092290290092358855673231119092399033029319132291
0911011133109913390093990232874455739339221033939009211119222003139998687864113919356687742012139556477613212300290293133112085748777464649932109775867445655480201229864674600320926778878213390900100111003393912003203920267564550009302333330232921039211319
9213000139319239391093320301876486811201993990919202190120039932031006586867191330276458652992221765784400302200300319190309285468777658880202329466765786567442192999565877733211125665647210222091902903003023923032333020965585560023092929329321093922290393
9131111921332090391022333210665568400199208546766757774888855503303027876674222091213300293091099103232319911308644584199113991223902990109229319992100057485843112291303192913323297584475223231357686555844564577445211031144874760339209313039329011031130239
2001910929000390120033221311856646739221224848875756668856784539331115478887102139200302332990129292101312399097658775911323229912920290033290023012031955567653291031192209022031307778544222390974765584488685764768233299058756862191120032903110092192901211
9102292119209930012993991292586785709321106554464446666776746601330138556854011201919122333910932310330323210317768875203911122392903939230202111921009384878640992929311232913093914546468312021954654446588665747574032930267675642932032201222099009201110322
3299020121122902332030312990456867433929097776455846757754587631191327865868011999022301921220900312323110201996888548123212311220020133932319290202919348868880102992300212030301004464688229902254687544845886478774102000056475450131020132233313939212192000
2930101139932120312920033123777574402131325678876574486575685512093208565474210023223193093111223090933231202007466646920193020319120121229113010113313385858870911300029019310903908687755222133167474557787767465548001931388585582302910103201000129929229092
2033010901200923131010092991478666439031328764865668778677755430011196846864139310230933120019133321290310900034686588913192022329132913993292122001390048555560119001913093213993926474886129309077488844466884547857233399054478582339012920303022229009003302
3939039102221002232932133302455688690233117847668868484488848519120024684646211211968476474646566466548713190928468754467865865688444666665456477754554558788764685478446444699101304467757309203187486445645754486546211921967455869293303029901999201000299211
2999130303220139312332139191665867532329217765565478666458877502033114664454110991955574776558884465874813393028557767487684484858547647765866744444746445575768666755685658533902008766564239302287885565545775888468130201048844640219903110291302313022992193
1321133301223331309931003912468557499101107777747888687487686792232107654777033929286575448774686855478810399114456485884578448878745477786667656644674845457745567765488846710900304585485392119155567666788785844676339303255578471199123921039033199121122290
1099091091099013239301312330764477609219107567566755584456548799300316786477910299265848756768467757464739031317744754866875677565675446468784785565748786884685656885475667630021915667474131112145447467857474487775930200177546779302139139193992012213991100
2029012323209209139920023932666888891213026656887558776476844721122026784766212222984744758757677746786833931308456545458788654554748878746584756565884578757786547444676585892000016588444192329047686647764858885546392212384765459399032021900093020313292190
9322029399991310392000901313575788621922937747858465745448767732012116574466392900066854854658586868777893233026476455875584678576446868654788444747575576566486577856774545891320927787878093212168454674465677654887912991148848442223000301199091391219322292
1020031031030920191009209129755854813090936455686454455875857703301116764454131230174485675448786576458831102235455466574476448777586784778546665444756575587874664467866445432112006546788291030056447884486785486768111912254545841911091921213291202302333919
1920303290100233113199901190457485401100294446856576686887585539923304474858393229932102998546786319110923399333311301903929291030202333399910209665658745654465754657230011320390915647746133090247765865787574458458902292087864469032992992991201112090201229
2093033993901019233303210392445485821110915644547878845474564599331996858456321193190303924784584902201090120921309390923912121292130023213192921767475548546574575757322900329292025846568920012387576865685477768874032902087566763191001292111919319331339309
9301222339110190029121993011844877639029005878747788848665784611323318475575191920022029107647654331191099230133329331312191202111133103093202209666666667877475574668120099222939917686778309191364487786585775684567913901374674549233021331931139223003333022
2010102322100191212909223933686747419929028577456784466875456899123214874647313139992113317857665333013910933313291221299102339122292913211012102877564864657887665575903202021929904877564900291275686684547576458665103000267586741102311030299003091119939190
0133001109339191211110310110454544890939924874548467765787687630021316887874201132929020936445664990239922022230330099320100300091303090093010023478577455655455856584223009002113927746687090020184846647455546577856213102964484850902219992920110311920123213
0321032023231232909093002221766565602030014867547768557474546701011137447457231929919931317458786231303933099319331023032011392299920399022993390746766477645478656544320992211202917475456311903285748847655468545587110109178568872190091219193001902300131931
0121139339313013310333900111456665693010306565678876746444465490391325847567200020311019116475467132323930021110099239222310309322099193201122002765478574478768544688111990393232326867585392211348785465478484577467291103255455772921923112220020320310121921
2901011931101012092239199091746876899013209119309990232132199301193234867588303093946466784768666022013178645654886774457444621291374454766687585121912390310221039311855645411293216547656312200210301311990023029291913391085577851110292209030032209313109031
2300090019922190102010092339778887590921131023030329031029329910103926468478190129156458444764757332002286755786756854864665623920044664468866688133221123329992210299767655521990026684884133330912933919229919033200133000185767440032221993103921039139019191
9032000321910312112323933932755447701139110211039229991121109121029325767846212229984644486656665021100077677788558445775444503230164564745558678332320320192311929013468885692111215545877019931039113312999029009320132339374877783909923230193121910920903910
0032021203909930933021100323657685593110323019122202313220023129002296778858220211958784688656454009091077875788548556477854709020086785875874556012930332239192103039466658620932305468868310909032091990300111122033911909264584861021203219303012011091020122
2109912392021099100191390031447555413191339111011901230203990033910215446554111333288784786475867929121256765487564555566477531099278667456648678213990110922991909293644758623301004455787900023912231200022930019302330010048577869031201312010312919209212913
0011001992139929929320132122486788512222292309139122912930013921929227476445292993057857864764757291101275845845455586754874430019946745877768588903029230012099902910757764711900036865466213102000090029303211903299232211166685662111193212033313200101993201
0299112111331093030202093221775466722900939210220219903911921130201198666554213930148484846678745319303144844458478884478776791939256878576876548092391301200102029200665645711132396475854930991920191332021329302031000229157747752339022390993113299220213192
2923031303031030199210091013648786654877467745555667556746456876544657645655299992274755442302193454785731001226685687103000364888500929237746786213931155675680901009754777519233228675555574878447555644686565788757758785876556841309130910300313923300330912
1031200323090203119999321123756755584646467687556486785577464674764575667586023209164575583012030455754622239125644485230392964655710129105447454902121066855579290930466555423391095755645667865444846754687644644674754548746854882039922322931211229100021301
1392099290211113029093339039767478747774484776576748775866555876778547545665919923954677759919323887456619109124775776930099155485821093908667878133221957675870102091874685622321124475845747588755646557775875477765446545454686743333033291993200322309903213
0002192392331000913392302931686668475686665868446487857777775888677887756746911230175644451193931664547722139118445468201399356447792129328747647203122976855750021121756746610133225585446454788885875674774848555648878774764556859923331391903292910103390300
1329023122230393990033391913666858784748488584576784784476454558476847485864100192278887782391339665577709292908685748030323286586712033934666747223913367688849233901755788702332018767574486686666685686854785486474647476885487682322233131313921932092312201
0932311310919311103329202990565448847775585585566457545876678454878885446476313000065454461090309865664620202317465775393230045467722991206784685122022068676673301093757677823091094747844484568588486884476874565578884646478664453290330111223231000002123093
1199299020132200302110013331768865848887756688578868756856658445554674554874193392958686672229902557846723123335555657900110047458411101295446667032392248447463219222746747810291124848544778668877567665784674747585786475764488649230299992101220191030099922
2222100200921991331032319331339233003020220232300302121292320230201123021320223939202910294445774666885557867543229220230133039203399310213133312111913092993933399229884768432311103110923332101931901392032100310321023193031212213210091922331300192202290139
0121910923021900133929910923121210090313229900331123909212130299399111201009393391903331125847844885775766456659000003921031132091319203303222233309303192310322239113574877600900123390139930033920103220221293919920230329991020231092102923112233211029133132
2303990220219293319911132319330221002300129290911392030091001303010991219391002333012909135487578786675778475489003993220213200132233910023013039392219991331929039111555848403930131230100239212923313013310913121291192202300020939031192132903229922939033123
9299991101013903990301210230303309011999390993912113023223102101201312293129323992901323237786888876878757466461393223090090131933123229131193191032019933931990210099846677723901112111293193329393030910101922291103039009902110901300213222390391021131101121
1920003111000199131929119192302900121092122911130932022090292932910330903133909031231123317446686566747447445850233209932010233229039919021999230132303303331312303021756585491223309312033311210320209229100931329120000303009902192900313002119031011012312299
0290090031231119120919120902390011910339311090930090212912300122011309990392219093910392238548464688448586648889091123112192120910319320302132902192099933191112232002467557802092212293019191921939120231329901193323390201209022023129091192131091990112909002
0301392919293229292392903203211201919902293039129129202099993303999290320922233292212393104664777778687858686450229331290233929919990109311329333311120332390200111133856855823102939009001192223319020220323192939110110199033339032300330303231009193120292331
9129919301230939302292331191778687787676874488774884587787886793091935685788765548457776458775786103900088784562301933767885509912066676879991291486875409921319190332587575864885683120290764554409010006854467313130846884511331100329223123211000920039313130
2311200032301903921132321132585784557456688445864787468658568703200207488456748644757558657556554090020956685683109219777645730031366574559020199567578629101012911311845585474546841110330486546533191097668868999131768644693009022199213092320931003002291090
0102222039222212212920029392674685778666866645457854444854655401232038778544684774564748887564678123193944484762320912764765591933155484872023233747888433921990010323648854846776743300193557446513003337858544232209844848613202332312999221293110203303390300
9902093231311110132009032330747756485758688854565744655854585600330225656755747847778464548748574330913165648762909121588657599329347866579210300764586411230239032222784576857747860221090688458522232095754476119921785855813230299993391900209191902900993920
3000111321193933309329010329678485546845444775876665446857867829309325446666667856444848674578656319022148747461033233448575439011357546871990392464886600130200999313578887457674662399219856787790930998846578910031848768439213022001001911212121092130221022
0192239013232931911191910291875884665446648688455485487844688609210107685866476878574575675587577110022966567859192032474877899012284467441990913658555413390302091010766468778488760221190685586510331117866556200231844476429999232139131931390330003202200099
0319932130191200111031932339457864685476484644855548576786858709000007777564487747747766757557868012299256655751012110854744629202254858649019111785477400939300309031847788546778779322913787566501131008667875991921576568620229392930993903111009130999033139
2192209100101009103022099032577855633191127457876545475901300057748842109231310122986558583210302845888829290024555676321013066785499300135846656232203385486748867877112021022203908566777302333276885476557847110033487665758654660293021393331910101111001103
2121201920200022930291211123645778612022107548785575844102210968757443201999301910275488840113202486666410201228565545933920077685690901205785467211312157767688858456319110013100126787864011039147846456748865923223674767784468450012230201203032133099291131
9301299922039312902311019332867476690391207664455544776900311187485872911930903090357684852222119675848430390296578878293331177545409039396485488133100384866687484465339012313990295755484232029384846786478884902010666664578678451000130009219919901390391923
1019020192022901119092091319778448511019926584886846546932100388885859939093130139157785570230132648558433920315468744919133955786813110205478484002319388857447644545222322122202128448486200013244647685484684302992467854758858840391100013221201009129229121
0039030029299093922200211091545848801323117557484758465009922968454441919113911221265756562212921865656590102315846664011301257767719139037678475099132377477884567785230193932302338855448009901976546488657446903032448688485675883109302111113323320339113322
0021009902993023911093109003877458402323017575747588768203392085864642321329199329076466552900393485487821230225474456930139048664733301938565557100311376658578787688993211002110034676478393100987874458455785139319777856768577869132192930912399292903329309
2123320309933329193991132232557567732332195766746766774209229066765869192130109222976478770010322876858802311104468474220030288878802190395867655191010347858884864558132191022101035546784322333376454776858576391390566686454764763920202131013939199012933302
1123200222012122929921203210109292986476579220111213932777555867664646658578192221277585489320919475656591923292130913886687531190354585441901332212923344484482909330302101267867776745744878767856458875475786747577932022323013120131321993921090313390229222
1390113929021939903223239030191999054445653303123299003667545746475684466556110039376585879929321748444492219013123131686867731229965488563109903013030984587870119100222992358644455655568486455666575847765447864457190223003991039313319000391911191929222131
2230021199393091320120209330013332385768743099129220333664544844558444674565229023967576551000092545544520019321092902874886409920177467563299190091999254775859302393033123158864864576854744688765545487574567886666231039033122312939333211299200230230292300
1339293991129933311300392991039191355574443121911302923874655655845455464785211909064568663390093766888692909300009991746677439009244875541031001102139056658671912119300332267786577545584455888688488858547447466888310031302992033021300999911230303132111301
0901233019919909102030029311913002185845561031132023113685445686456758584576333122275686840232220744847632029930120319484885820123386786859019009303031354777481221913321122048584768655457475667844474486565665745476113190900012009233332390190911013930012930
2030311010021013090300200293212399164844463913211003133586775646675548755444999920184665873190392477444719003010231021778567839931967467551011033919192054776749009123099003177765788756656575687458467656846686846656021032231011991192131203919001309222312231
2929112313019123030021121032303221364858881991199123220647485776548545544757121203247554862229919457454593023220990901885675830203187757752991921911221366676460011239922231088776484775576457667585445654687586785855201291393013393032010131399323022303123929
0102032910911101920030992302212300093919011313390132000031933385668659233312455567876748770903319239230123910214648864022913393212077648562139391302313212101311193000458847722003012999932745674457558687488848130199913119912333313331113990200202990203321109
3213900122122321032100931109223210029123293123232991932021099186748673931311444684575888840093000299112909022398776487031003293990176564763119920212130901920220313990787766519003219900220548548646886464464846291001303939190931921332393129399122099131221099
2020032990213903392201022099333101992101902903201222929092320244747769223003776577845655671300021032233022102138845577201201332012076676459329129099112990932933210012864786831131200123221577675485688475767848123302909009192313020399191209110109221002303109
0302913939032101919991901123193013221131912992993910320290332167886772023099544864668664540999210109329001221034454747219920293993375645441392993390329339011292929000864844413201312230902785666884456686568886031239913002293110999201122111020190102930103212
3932219129933113312932093391333239293111209920131310919022101974767669110001674866486545860903011293231099909006556654111993033992346457772202009201129090220209932032674466739323290022202575785484456454446588320112232232219039033093323930100120221999920903
2300930121230001290922120339390193319000191900333019901002101358766651099300475858788674852199930913923291093206647556099939132332944547550932329330309321399203109901685567710023121933111584665776887456445644209123922929310399323210312100920112991213931203
0390120913229390212119920020101000100323900092329002913333099265457749102320846486444468863220291101991130121324645646211110309390947548650111202220992199002123103920485456722291219029192757575567784886777788219932903030133021122231120933101200332192323232
9303330332993231193220393920013912257885772109031019912310021967646544875478875855474657586857658756578812303195846755766454592339078468565857856446664645667560192112658858485885662331200221330212311194444786467865455477419131019902012201390330332120300020
3222001930212391099099212193931103388775653002019211131021221077484644475476877545666745686845874648557520221214578886674486522220257568477864555467564785664880332299765888568888462330333319012329093304564584746847888568613120190120331211300391292113339922
9213332313003223232239010329201901956867453229023300933910919367888447786546487858445676674785788447546521022094886777876574692110356868545487854546545585455552992391857444445565841300021203111039399304887777565478885664529133023910133129093133213323290333
9112023919110092312209913339039090354648540032132310121129292378668544676654684676846748586465547747466401013237557857656845701139148576776655867444657685667662212211875476767655761333200901023000129125655666865758557474533990313293939010010299323390932210
9192099230919120912313931110902009258587742323109119221001921268576546667867857845655675877768746584846621199296787746668468831092087888584554668785585485867853132210686568577486689392221091090211930935678464557844576688832229391310209919130293930103399293
1320300230123919221201230931212311174675543113332032210310202267758564584667488758557775687445545484845831930917776765847487712021346744667875865674846856477881909919875585447686771223132912013091222136465777665744567647700912213913109222193933301309121993
3200033932093093090109301111209239078767683921010930221112121276454486475458567456865745677586554456768500900917877648854448702203366484456868468676648648888552922912778456467754772993330220091399319994564567847578747857619331029912223133339030100013003090
9129293900911199209120332913993100278884581211212392020888744591191321333309229012268768788675448039913939303311002120933993364568600003293009013039190033319207488655092120286688775487887766666877574782192392466678684567487875882902090192212923391119299012
9310901033913302309190399393309099186757843331291910999784576720911211330039913231158884576758484123109223210031093012920922388677813011203002019131903909302036785786200392165877875646464857664754644540320123847488684685658784650101320922303132029220929990
0093399002103333929393902922303200977784672332102923322477866832011303129902939102154777866648887103309111923000393013200912156768400930112029330213300302323234744677922390388467886878546857484447778871329039844777558447876686853991210100910301319193122990
1013229999203219991119902191230332377754680020121219231856474793213913322131319903387645867858468310302990003911233109901111186587433092132110121099209129199124656866312130185576858478476888677675864789322012848847666588846748759193121010223321319990103293
0121391229102203230329910293202130957486870193923110329885747533923399332302313311045666577447588291933109110233202993021192287544520900221333002930213210900918886657129220246648785566478487787445788883933291555746455746556666561939031311129091901033322901
0331231223902201931031313101013911384685561011109919339856547692030031220329109390144746555856786331190290399229212293203091357468711113033229113902132009219904448548391233378468466774684644487747465472311993574468677866766754551290309219922232922112319910
3101009300100213192091212333192103365475841390201931910757888603030293090321933319256667656455446001211013199901903992999990044647423313212120229101319030000924786886132300948674574767764564857575648759203029657647454847476567670291902020002301220003092192
0990992901293212320290993310774455844456476844574456656877888899003906687654211219167458556844568029299375565864685655013139347748585775871032393578787400913192002223864648601202096654774475784558444868867545585757903113202019031021039001139320102093920030
2123212390110023203321219221558576876847846544647748465888766632121097467767319120988648545656658212120368766477747574030332265658446747581232939678578402909919921933645744600311008544475747457674478675565845584546012001232999002202930322112393230329092900
1919110323009200909222913139566554664684486865574587857646855623131226856466290291287767457674754119209956848486868864200902947677876658460213299666885699910339932339465775703013298776767477757568846668888558776684130120122292291209090190103999100130929919
0291012319991201220220200933487444845456455856646765667467858793290117664667900202954855477485467331290077485865644755220029086786576868549939939448865623011231123211855558693010334575867468554486476558678668585464321191919909012121030292990012211193190913
1392131910309311310131299012454688454676544484475884746557646710392118556546323033266456568566775932921266477578587658099011187648488856681329322484478692039230291923677678792193338448646566755446544775668746775668293299192200109202201999122322020190190903
2092310013909309299239200311688585554588754847757668584668685639301905586547019103068787456644554229320254757645644566939100254886757677571123100876564430200003290030684556702101905867454446686787454686456865668756129313220202121331092320232310991339130930
1393101009193321919212300091786768575848784888468585664465445675686860233901767568878446551901909210322385554463922139319129268847746867564744676219319967878851101921868475793932339132292687686464467742213039323901845856490139220190133293299002091290213033
0933002223191111130911323021567867768447476555644746767588584876664670939311655867756855859393129230902955588671312093231319178855585585545545856200291064646863093300748744839220111992913554484474578669030209131090654866831101339000393011990939099232122311
2321191020903903903109020193688878454488776645777557544885678446446651210120788764787487681920923311102988867783101390021013988754875684545755456091332347485751993939458875530319132300911566888855756570113021990930478865831112339220231399199229909003009322
2210229202320233232310923292674866465785458444888848577444876786447582992033757668585476653231201923203975754779923911023092067678784664484647578921101078446750121300475757619929021019910648554585585582009099113319745578412332232999999932321399139023321329
0203393101191339292939010020855845878748455774665677756465547467656459312232855847766556540312192221021976876762910129293031145888775768478888575399339274657863230333676667610393221200003857546784486772229313110920667844712093333293330310193232929932313901
3090990333219119990330033009887865868486686654655447548674877777587450311211676744867467552092192213301355475551933201239010987768575446576885477199302188858851901212776767420119929103212758464646644782109931923329558667500119193231921231100012100230001230
2011191099390913921211093130687786568545547566667657556574887854668660121392576665557545670992120231131246684550239220292233078548846646464858456200203078585461203033665867530933223322199747565576848582231110190019687476729330991322392123229212130122991101
0923232912219032209033193231311921229039239932904864867391911145677578787685913190186584571929012677668847866561220131576447786586765866456857454565487544876446868468132913093903310090191446754430002904675888684884323232368756481919009011131291999101002991
3019992293219991921309003332119293933293131292337855458131130156556647587647991102985754451112301688687758788889932003447475858676856587787878667467877768846575558676320230101200331339022847757821399036586655648544302013144568481132231299031939922002330221
0920032011090222123033033109199903309139331000335887764090220354847575444666131339368766689909030768755777545763200109556566647744844454778866878557647748587567777855090129910130039111102555476739110324666766867565192900374677459319009329293029032021393202
0293913000193322101239239210131392902123322291317558775331220046588454868547291931176775770222212867578458574742190991444768786476575675476765787745646648854788487576219913291209130329911688765631129194656745565548239321064687560229323312019023313103393093
0220312100139910309333102023910991921121233219195865577300911957568588786755091211976448853091202748885748844760199930868665865588846786658667574885885878558776547845120333219122932090129644545813932317585766766445030331188547872332001101913192939223939933
2193239019330239192390013911002022319222199099908574564032320245877674678546239329278444889300130557774465477443912003568566875677678455586684884445487847484574545766221199391309929193223546567691099096785748866665091102978668553330009300901291919013222319
3939101232039933992129932309992202131190220932134566785112223274566488665657322299085844772913311685577556454753033193787444565567888465658885786865647454856674764445931022992103209132933456745630930226846486757484200921987848881211291920222131133299191292
2092212131233999910131093021888874776845878776769193122193392103919209110219111393999299236747857667756821939028644887203101220290921100292222313309222002129198565546120032946548467587785101233368677583239909546558685776887666651101139903213991191900029100
2020009210129322101112329039654577645455868678670132322331312001011912311203322910991031316564866687757639930124648844033193011192020109190903992933119012931325658864120923956486865777558200230955654652992919756558444775777584741319923211012392293210212322
0211301130119101120100312309467555865664485455579031992903123102901230210130332299010290116868577484755803323137767684003929913390103032039110111121190199932117557676239012377745748768888192909044644850393009564778588486587555449909093920310293233090301020
0321321102991313911000900110876874586675575556879291039021991939919232909903113322002312096688567455777590091335674548319999901092233332390220930399302932991306788566200111265778688758765929222988445541902012458485848664874576672019093019939023032303391939
2202093121092902099921322339647854585746678764769293921019921022930323302390212301321222238577548455577412092026588575200932029123033090990211319390219030013204747864013192987475876748464093329354767761919223578587446484558784862091109229329202922902311231
2291039291129139202332113322445786865668464485762013332913011991030092901233039929222199916874545785466812129915874464211323121119001092211300119131911123010305776785399339087886755558487221002366467479131399865778755548677585869023309019920012312329099022
9203390302933292290100301010577844874544787574841192293110993009230209919931021910023201094875676756647511032924445547000992192929031013092002311929119223902935856486399990385755855544558339123944788851332110774648757556847757469193229220219131211021010922
3120309939191911301199119339767646711031997584676467858854785732310938468648847846513900212992092293092303329339030910887445556755868744583231309567758587777443332319488658766744480119310785645867567841139909190290010299313299092312200930292331310009910101
2120310931120222233101019303647666722292298544584754655488655739120294568575568887593003203209013392901010330100223090844777686846865885662932390856758558557740900201445588665788880201039654857775655851193001393239139191931200921313010399011239123203321030
0039909203132092001199192302757566621219316764567668487478566701209916857777485464803919922012231290101303290331013393556588566857857875681301039688848858456871092092777878448856783333322457455775565442139099903120999120099320229019001320219001229101219001
3901219909011222210999023310745556811993025575547476476486845539330207575858474484812900312321022292032091911123221931778467656867655875870329113875476447745859911221564766454765681912031877847645777649991320120903022399339100139113322902100292113231210222
1023012033200990192033220323554688619329134658647677774448545491390037687847548674713301019102210302922033293930211391486747587666665666469013103566666778555543233120767446844748682220310467786855486540293029111310939901311390232312932011312103039300921230
3929030033393322103192231939675476892999228868886864757584444731992397784448585867693303209921933202133029022030933092747756854485654557860922903865567754584663003990487557546555880990211747674576567781199001103321930003030132111011191992231091929220111201
2100193233392331129210003032885775412909097855454878447665555413322025675868678686602921392991113999210110110939211112568665556874748654750129092686746476646882312133586565444647642101119565446764487470312910020321939111031932022393393990393019231999910001
0023901901323292391233099901858576421212232319192912102119092039309119322211109029321399208747876932021221302314864874291223911939054688888766578919231956455571919912486755502130004864675191311039231115875564291100588657646578869302922191121313290399923292
0391021121931332193023292290645846493993221919102913003392920399291120922001220021390290107488547919023010290938668858232991339133284847544885775931322964444672932931788774800092036684456391939102239998856874111212556748878644860920113300220110903099093122
3222990993103390110122920911777545502130303129321010213291993200022109019939092132130013306747877909000123319195467665932090019930075684467876444011399086855583129319556787703211006655878901191030101126758546190003876844675667880301330931101991201912313319
3929210010222291913190910109454677419020200191321920290921229933319309100319929230330309195674787331122201320334786655201902212290178878745777875209393265744743313191688456801990014786774020131310009207646588321011666478854686852191131211311910330332999922
1030393219909091329039020312658747723239210092009390020131309101901921239001390202193310305757447911299322132914567668231219319339148476476488874993910058575543209129765567639921136656474211202190103905574767213903577745767784650213320332921139010132320002
3010912302111023111990010030677875433103033933010113093322993229303902239339122299922202137554748132130093929124484468299092313301287556876876756912333356555752933031484686790211236876458012220110192304556854323322557868787544450219203093039391192992021310
3191102312002092939222339122665756803303023229392932292103101393392321900392312200199913126558548920001022930914588455919012133103278748866855476293933958555681039290867787431930004645487293011990092318678665030119444678554578772911991293991931292391033129
0200122292200311219003391222765588612901919299396868678313391164545676787565466844675885541992121665558409003137574878866657664754478547767846868774688801099011003922488885885488665656747574557777764580920099874784093031322202222109119921139103339902221202
0309201001003010090393132391685767820309932392038666667291292245648764846677458474876875659100291554764709993928688678485548747764586487578558674684448431193313019101775887757558478874454755864465454482910230466665993339902321211913131112091339329930030210
0302313331023993231331910903845767709903220129338847555021309044646457755684847484764856841231932775687631131216785544585568666844866784548875678578785521123103132030564888467648866586887847764475647763392920786874029919203209333100229202300223000199209090
3209901201000192310290100212656674790213293191324858848219122157447678847444564687546745441911192848654402133237745756778578746776676754766558764464456531303231110222548487558445778475675548545474648872990210856858211313201032930301990300302191292039209002
1903039201232392090992990231754765490222002903936468748112203174455574667444877768767758563123331768555801993225566575484685475454445446857767544844454712023939932213847755658658876554888666668577665481022202668677922012991931210239322190311013393130329200
9292002011393931933191913213684486721223931231906555444929939077446545446577455666867465652192310456745699192034558576674555768584676677545855655888648511932121130931487447468574657554557577466854666583093912578888913123922300019222102309203112299131229002
9113239221310910001393299922667654693212322201108464884191221354445887587466454886555686749100010886554799110226858774786868665844744866788756587544455419123330309319845567455467858856556654475765765482311009688464020309310900919232099022332019992300933039
1190303229999911210330103191209020321103309231399992323399101122993330193219333292376686748656864764588801322923319339868784684486532001093999910901933344655677688465488545591993993999009032199057658553933333909302847587568586440993211919932909011913019929
3913032913302099222219129391093009312102929302939033210020300230311930292309019131946474586847757646648592390139293122477546646645403123310092299939102154486766554487855846491131923991112293302064875753902323392900445665674677471091902231190021199121130100
0912221391199332909023001390299131902229011101932193091000193190900131013923102132166868786756766887757701002109303339655458685447791902191391229303112964685478746744767767713320090909932320121074884449332333221391877858444547659192299333990930312113101201
3329011291012909212020323213120211192130901232333390110000132013101231203922000303966787768855855564486832192233119919554568487846719031201111021901103184484755444456477847820993210902131229291056574860091011220091468668764867450902223221112020022992131291
0231300922021330221102200221010313221030300101013200923991912311010302219902020031947786574544877464678800333300292939847785768465833201123333193390991067545747485877867578511939119023030030920958454770322991930039645486484588869390000312000239900333001239
3229913091303309021292900023390090922320312903332232319901122192939320009319293130058678666655666885767601390309911001644685786855723021212019202320222056885584475654564744890903192331231903001986686551230311191313677744766644582932920291323101191099223322
0033311111929113100212399339002233312230331002110093291231991391932230302021213203368875574487776674466609103909191329786567844587419023390912993290991065578756774666846578522902920903132392139987465860019923109322486744667488842232909012202021100990203119
9339191210093313290139030239558474776544567767576777668747457684648485776684930299148488889921233787666887487667784656010930365587658564567476847013190193329017675666756558691123294788857330319375567551913300656646920913092020303339319091100092090932110321
3331011212101390323009920330485646657855488874754456686858488885786568658465211210245565843991320688568556456744785685312090267844478688464788745393913301209094754867678875792923008877744909331358755849931211486774399330309323022119023230909311921199909309
0309922009212911202399019200844445545848575876674557866556874758587466446664192312955457462211110448887788646887866857112103987876764557556674858292213920392927458544788756492213936688686310222078476580122102765485220021931213039901030223133111009313332339
2190091919193221991113011102887746554485586644477687665576465666674784756845921902384686489332909877854848848464478645000310278677688784456468586133093230901935844784684745833392034788467399303344677589329993587855311321312020219211032303100191130232291293
1933231399993322219223190091454788477444567546557784868786864647456884684688390002946557750991112747487475575446684878999003957446866656787765646009002022913318766446466855600191305865566202209168785451231312474885292910103902029213291399323923199900210031
3900003990099931200920921390585445575574676675544678867484478558674645845687131230274544562139910757657667845546558766011302948464474884754678684122231020919195468454455584631391008866756212913975676640219223857768110920232391210919909311199900303199939102
9329139933130291209991292339445688667774744474565585846744685585577854586466392999954866449322222878747458755876677486119939978487564584884576855021990013322018678647748465722003208787846109201368677751230110487757992230003131190333003213923239109039093922
9293001091919993302220093329557658601023212119020201219233119121332005485687199039331109192090332293292976584681022320102922266854847666787864565093119077687449230031545778613321123319012000323177565644874854393299574478644665852001919911131331021120019901
2110213939192130033291213221687476839210912303999992003200300992939327686564101010123002033033030200033356867852220392933339384458744567688885465233323268855750223133746886433113111020393021023957865766774768302131458868447676541303122922299330021991310190
9139301209223010391032203030488454529192392009910323101992331019139918856866309091903993919323231220201157684651320933113022956887487787774854754200009286464573230313646777491033200299903999323966574474756667331222845577685876570929993303030920309201310222
3019391900100122033020311312448544603330310230903992190212933919932328447458201903099000191932290131922245788551990320923090074577678555777557767223133977667661022199676444822030299012093139320278466645848544393202685565854767452320201110212919139223999003
2013122339991931209201922292467654819992090331990239100311122300210305466456202099221011190292219910922156555870102230130909375548856658888756586032021057766662393023775745529931922102920232122156776557857547133230885684645564740213023090910022139929003330
2931120900133910101191333339458555839192193291223093330120913110100217847786222931193393139030003039912074845570902312209020078445766865646848777213939256886749121911846875899019123391923301093048668767885865301103448446557647670121001223230031939090213113
9930291139023119203233323013887765701391223390302299310112329923221238885868101332209320912090219929013044685741990222399320064577554857785675745391129046884663232032765888722221910192329993200268688686578586102211674558468857670293922003301913219023201290
2039390122221092103399201020667546632991324584754486464775485601192207747864230123247565681090093991331074875550221090233322222213948468781320099848657586866543331130466657558848658664487468754857786780393003758548567454786564589219311120922022302290291909
3333921301230393199131192310546775529901316764754485477646555719229234677585023332968564449323993120220386475453111939213121122929344555642302990457554778454663392922655557745444886877865775787746745442913012847767587484756688672909990292329902339131209033
1190901329909330219900139320467557419929118457465746846666466739913217756675299393365564883399211032319986657680122313093110932992074668880309119456475547777772312231546744747588886884774584756864574789901901778866455658684857653213139902220320399011103010
0012210313320000291909032321575557803212905458457845547685555420133204647545922339958888573113390212012265566873990991910223299023286648469091122764545567857589399922565745565868775455877754687458465782209300877687554864854847583232112921111323122190013330
1099233230029399213222030022888457620102127464445454786676555492392006855467120313388866460339909393393145586749309911210130299190344754683003020858685788866880220319644658874457774657664687776454486863221313665576665886466688550031132912312300312222191922
0999103232991013391120903122577877500320296774864686857557474521211124674688912021276785459999230122293288885543939913992192322022944444573203019674764785586649110393575768568846768754688585676548884572103210764547844757475864853900119322002902111223310399
2220123212903239922230100232868657739923398556545546588687644601321214568864092022266855440399990199231954645769113202922913233922167758580901002646445584787849912302457574774588877547686686584467874672113333675657568876777766440303323133902022113023931229
9392019111191120213399032200585886499129236754685877557756545529239094564784191299057566565768445566867491930224686656558566600301009303998548485777544575466882339993457487709092121123911857668493290932290020099900876556884685880291320201201133393233200002
1329399130233939213030232009657778530290315458748646677864888833229237544456033039058575567554558664584613332095585658575547432929193220397548786574486787577470122110478576591292230333033864888421910039212313333121667455688554652232233120039120299223090901
9223199201921390393993932922687754493232224464668464656874676412023128857547910303956664588685648865664490913236768448546746701119121202194885484478466558885841111111547845592099029999121778777592923313032133319903448847645744769191101900929330029319939011
9200030231111222211331090122674488519021997677475448865746467803902208668866132033285747568554876558886612139917864558767686530291920290224856754887867484755652101232546464410939012033219568765839221202930290232131856685448868460090230011191333923333331022
2330099003323313329321312221885666691190324687558745867844644520192034884446932302165575757484646866566829923134857768445874499390312329215674767775485545884661290293887474799922900220131554755821111129329009033233755855585674453319329990322103111219030011
9331122902299991919390290990748445401213338457766855876477778791020017666456933101065747858567774466545692210137747455545568719932013120397567476647468645544680033939588858529939903239900868544899291901120192032093475454746865781030039013090293192392111990
2011300339930329031313090331864446690900905648747587757456858490110217556854209030057644848744645648484512019995776675667467621312329100107768554746684454665573009191676878812001930031233478445410390922222292032093786447448877669012092001929292329303939911
1033399020329300311233339022547464412210125757676575574776746800030018857744193202085665442093322645567700192221219221756588467565477648662312221333000130333012990131019022277568576475446330100356546658647766488676467644713121039320239939020000991330230102
1909129200939390390192109130666574519130335464668777455568788509010295675658213923976464862201102854667422111039010029454875678858486647589011019019220223222303020103120111248587676587558990303385855585487546758488585587420332290320222239019313093202112003
0133130211032121313991109310546866523133327746775877774447454591393024544478130009377688683132332788885429920302091120884784464587684865580009932239201290101919992222130220057655878555577320222974475858787857877774878456730330399012901930231931100139131299
2093209122391202233119193023847878730929918458845645474464476533932995754566119111285744669390002675867803393113313231887647445687586874562900301129209099092313019219030309154746444657678392139088467476588777847877884577433921293920901993223399291331902119
1939222091190309133109301191855465409192098888668587575647586511939305575467213319387876589390200744454729029100191339465545757856664756459300200911313329110999219922939111955445477777864302022274847784867878757744875676631139131311102391192139999011391201
3013192939113129210313202001748678523021034555646687788844658699233906675854919303245487570299029756847609102312221033676485886647876767742319933092209902293013093209012922046445667676585293193144558548486755646756575484801029902299312019030020019009332090
2003902992001902033222992229858554621099993299919039120002339921939914684754319933267466581099399775885801203014545565465464831220055846643903309993230033193995758864575674533909932392033478666612092392121319193331774467590931999331100102999303001123132912
1299222200123192133000911390477485520990911013033111290012132111910317676457310312967866682003923854477731929097487786777467622103388686449330933332039909390027757876857854833392239031303556448830139291901221212239874886403293032330901310392023292902990212
0310331232019990110901923213846475492903939190013102123313000191903908544846393191944454451991222656466502233307874865587555629232374586769939203319231191211034774445575878812332019009210664556420102330931300029929858674790392213112311232101219323920032903
0311133101233099990112090299685865612239922139902112022009023910200936587654090901148668582291911844646899310935668877664478420119366664860212193092390932202207658448764665829110921921312864686503910320109091021139747575890139393023032222232210312399991133
1319221912031031203133111029648556731991233932903021111392999112993135655447393903965456672302321457684611009094565575754884831239357745761112232113992221200915566846586748432093920390912455766512300933992199103219546564731310901313193391229123200129110039
3091331019191923929919939212556558513023033113112390202303021120330206647774339102144588581119201757856710323008686577688747591223985458781020333133220191222318656785474485820203033212131866755492291030013933121002477784692013111909201303391299222290101121
3102320192090203311013202099677684723992112093311923031302209203390916647547302100955885460932203864477400092098785765678757892299986764460110339119021333220237784456658684539233022291233744747893903222932200303113747485512393102229230020399112209199230299
9032212291302022011903921932786578447477578484644845747446446454778485574845902322378566658756487487576799290134776545229331354674778574675854548666675645765663932203293200177765788685464221013374657567865545755754203992990121013102291213901991300300990111
0319121020192990209233900333645447747665475757565664577686764684444676748548193922075477488487688748456499319935755766112109965468758558658867856474664488574752219009112390348458456678567219221988778458685878875845923129109009011291122299922001021120303293
2210212232329913321122391333648654657588558478568664888448468884766887554547321203175484647687475875476810990938454567131313384548888457764768854455677644774750201909212203945787765555878122121076544754757685647776320931933330012291019223223322209001100011
2191939109901202039193290239677466858447788647776755744578848775684756574774090232256668846466764657567402311337848456010033364856584747666744485874758568846580323913202019144475787566887209309275746576888846555457339121023200222933219301121100312923202912
9912023103132010393312109000477847684846854554446665645454757757564868486576120901278854744488857766577622311238785776320092075866584774548646854784546765746652333230030221965848776776454923392367454858784587775646033991392092112310109309992912299139022090
0390912200931112331391939223745886765747467685586654474458548576674877877448932991274744655686854644686732022015566445919923964678567468885847776578856466588642230933393099256456646874654191333066574856576744856474203231033191329903233299039293392911910910
1213313932130200231013929319756477748684765455874868484677644755457658755588112320174758775666664466844413023998875867002311168548864566857867456487786767457871311329191913368655555485578013200057644554444848787888393029200009992911112921209992101102113220
0930931003239121193012232232023319923032931233920919391133233331200912009901922009320399022309903211939230330231323132011321939300231201313020301321129109121913390999103130331000023129210222229013313303392219300392292003219922393231922921033100393310029093
3201032123100922123010133992132200339021209229120192003013902093999331011033213299319311200332310119119392300991123909010339030919939990903100991123312913991213029102320390229993922039903301102993333399111231929912330010221219330993132203903921131219093309
9091032113390999302031033132301993930310191033030110300023231030230093222913022399109992293923111390200920222093233300113922312390112312122902112930990111223399123032922293990219310019091392133191002300939902321312011391123012292032133039029901902321002031
2211239290033210211291231010319292390311922199392120129099003933303291939310292130001009002322219932323292299123122193020222120222291913930011902229930003220319920920022209302339022190931390202030002231932119231329300913992932902099211390102020233002023939
0100293322339122129900103029913232091220290339990391921009309339193011231221119319203199990199023022391303113121090032191139329019120103239309310210110119909223123213000099330901923203291130019922199903219212202302109320922122313900229031020209092999339091
3010203113023139130000911092022019029393921913192199901122331201903232002913000103222193300103399933301101222390901301320912029113100003220290291103202933119901020339922112213129121323990003301211210013120023991019131193992323919939111392112029123009921990
9139202923392913211333132320312032939900993029019293200103332399020903032333109199319132933990290211292312209202219132001339212332133099132232201232029393212091911323919023990233022399003199231200999319009302222331219233321003229929330291039322112293331290
3122299209221290902211923231011311929013003922119311290090102000239923292290391132910110011292901290339291091311300333031213033393901932200230201222019333990010039101020393392921031910103033120001939911099109111393919309922221333210293023033011192091900319
2029031313130209193030993930193201099999909210292333293100099330931010910921393903203001101301231911200322203121133392020091390109201901021002012220129111210020391233911300931101029030190222003993011301992292219131210321313112022933923230922229021000019093
2122199010321302223110333309322011902000202130390390302209213391223012122212033900113193000303202300931999232332102239322321231999212929321309100923009103012902091320930930120290909300312922110930322292193330001932190200121012011931203923993131099001039292
9213231133099020292321232112291000291312323290322909239332291221309221191291913103130910020119119023211903131930190232000231311202113009230393032120931390039023920920113212911922339932920202020033393033393001129313332902190912299102290010923299190129109300
0213312000023931093219332300119999392223101030910131120009932331302222933030202022210110993133292003311299990099921122933293391192112200909209329202939303122911339103119390930393222302392910991310221211299221101020312301220333202122023002131313230220032299
9011929022201333110101112191930912239932223112229290122013300192929930391020930213300290299319299119102303032211309993031093322910299202091001391392991003232022030112033031920122923223192921029019901901931921130202932321010339302090029109209221093310339221
0001190032391913120029190391300319109123031009130032901301999010109309209300229921913023922219310300022223921290321212220211193031112322290001900999209101931292019309020119299902033119310300130290110120912012231123011939991392332293909120921209910003933303
1392092131330909102399133212203993292033029229222000133290990330019019221933009029133223929193012922212200110003209222321932313292012002130139300399909139230093110231139291109191933120191093029329202990131123123331112293330032019210119393019210212032109313
0302219399213922009321933903333313301293033291203339991001293132011929033292219930319321000902393030222090012201090330102211092129119032393013212912239929211103331913130010933239091213119039020220203310091132139319130032312210202303021112323311919921299921
1090301910033309023339122029139320210199320009932220332012923213991031031923902331020213220290019331021392910333011903191019300011291923033922330092293901390301303201011021002319303031193139192210903133112219321393392031319920921200232033221993302191903212
2199300031212910121323321303939913092021329092101033913911092903119332391211390102130329122231103101020123903220093333910133112002230131321199113009101239199123091131123003321132022909092299030922292212910201291131021009010990229323002332339102139110210390
1393132313392333000031020339029190292303091190909010229910391222139139090320913329309012122301909211300190119909399100933903132939390212093931209902321192319991222220320092113931032013320039129100102012331999930910230303212932011221021311311093131221219013
9939011201323921102290332913139293019203399203110311230991332923900103120319299902933000312001090930222011293901139123991319119033913139201209332309929912001022033330903032330211112211100210013901910990200930139310999220219121929139990991319992201339911911
0323029913110212292919339909230222910313003193390311039999929992102213322920010013221391101322192309290302999932132120300202902201123930133293202001999311939293032931231120319391303099209922210920310190233291012230111320191303090333919110903932903919209002
2211112232002329029239223231109023331900319931203091232119039012199293391222992000113110329191110103222091919032030299232992330923029002320232913030331033200100210309021112109393299103012990992313221221912990101192209021991130092190121130030033931999290230
9291930190999923103339021013932901139213030993900993921131090301022313921910009211391139191019231331312033219991933319311132093930990929119393113390920399023019093119211001320093292020039923119919909939223200330010909939210330001331003930010190029910203293
9920120309921230210091290922319013000011112300003309939300211299019221293293133310131391212000390920213923339311912191330093090139139020191212019322319903329112239391099929220010930130920991231991320991301911302132010200109021001122291212333123009233312109
1300939192929330393999222201999922139911329303129119000921300322219033010019090130203910190320222332199291023902909102302993993310033030001321103920309323112391929033021300931231091009999919132330210102302010391910191199209321321092202010090992012390309303
9110290021292239203229020229320123023301091312932002309032109390219230921323909001930931291200129232221212023230910399093103932003339122911011332392923312900221020990132092221020200299009132310030990930192291909990120221202199992101223232019122312123209319
2900193931321221131930933230292013321103202202221101312233201119139902103123093109011102301101231320203293299209139112291199921300392109221021110299322302322032039013121222291022991399000129012123331192139113909321332113392192293302999121211330129200310320
2000239192910229101011122193039331099229029391923239213190101993111992331220901092931309211202212302012912009010110939000291093001990391392990331922902290109123133213231299030321203209909299393313220310933923313311101902100230999102309129121219939929309290